00000000000000000000000100100000
00000000000000000000000000011000
00000000001000000000100000100000
00000000000000010000100011000000
00000000000000010000100010000010
00000000001000000000000000001000
00000000001000000000100000100000
00000000001000000000100000100001
00000000001000000000100000100010
00000000001000000000100000100011
00000000001000000000100000100100
00000000001000000000100000100101
00000000001000000000100000100111
00000000001000000000100000101010
00000000001000000000100000101011
00010000001000011111111111110011
00010100001000010000000000010111
00100000001000010000000000000010
00100000001000011111111111111101
00100000001000010000000000111111
00100100001000011111111111111111
00100100001000011111111111110000
00101000001000010000000000000010
00101000001000011111111111111101
00101000001000010000000000111111
00101100001000011111111111111111
00101100001000011111111111110000
00110000001000010000000000000010
00110000001000010000000000111111
00110100001000010000000000000010
00110100001000010000000000111111
00111100000000010000000000000010
00111100000000011111111111111101
00111100000000010000000000111111
10001100011011001111111111111100
10001100011011010000000000000000
10001100011011010000000000111111
10101100011011001111111111111100
10101100011011010000000000000000
10101100011011010000000000111111
00001000000000000000000000000100
00001100000000000000000000000001
00111100000000010000000001000000
00110100001000010000000000000100
00111100000000010000000001000000
00110100001000010000000000110100
00111100000000010000000001000000
00110100001000010000000010011000
00111100000000010001000000000000
00111100000000010001000000000000
00110100001000010000000000000100
00111100000000010001000000000000
00110100001000010000000000010000
00111100000000010001000000000000
00110100001000010000000000010100
00100000010000010000000000000000
00000000001000100000100000101010
00010100001000001111111111001001
00000000001000100000100000101010
00010100001000001111111111010011
00000000001000100000100000101010
00010100001000001111111111101010
00000000001000100000100000101010
00010100001000001111111111000010
00000000001000100000100000101010
00010100001000001111111111000001
00000000001000100000100000101010
00010100001000001111111111000010
00000000001000100000100000101010
00010100001000001111111111000001
00100011101111011111111111111100
10101111101000010000000000000000
10001111101000100000000000000000
00100011101111010000000000000100
00000000000000000000000000000000
00000000000000000000000000000011
00000000000000000000000001111011
00000000000000000001000011111010
00000000000000001111111100101101
00010001000100010001000100010001
